# 30 2
     0.99863 -3.94958e-05
    0.987688 -5.21615e-05
    0.965926 -8.62834e-05
     0.93358 -0.000163338
    0.891007 -0.000310387
    0.838671 -0.000447788
    0.777146  0.000196395
    0.707107    0.0047526
     0.62932    0.0190537
    0.544639    0.0344921
     0.45399   -0.0218514
    0.358368    -0.250235
    0.258819    -0.435387
    0.156434   0.00505115
    0.052336     0.842743
   -0.052336     0.842743
   -0.156434   0.00505115
   -0.258819    -0.435387
   -0.358368    -0.250235
    -0.45399   -0.0218514
   -0.544639    0.0344921
    -0.62932    0.0190537
   -0.707107    0.0047526
   -0.777146  0.000196395
   -0.838671 -0.000447788
   -0.891007 -0.000310387
    -0.93358 -0.000163338
   -0.965926 -8.62834e-05
   -0.987688 -5.21615e-05
    -0.99863 -3.94958e-05