# 30 2
          -1 -3.80938e-05
   -0.931034 -0.000170835
   -0.862069 -0.000410865
   -0.793103 -0.000142754
   -0.724138   0.00303621
   -0.655172    0.0131806
   -0.586207    0.0293693
   -0.517241    0.0305808
   -0.448276   -0.0305131
    -0.37931    -0.188631
   -0.310345    -0.381415
   -0.241379     -0.41694
   -0.172414    -0.113463
   -0.103448     0.459113
  -0.0344828     0.930009
   0.0344828     0.930009
    0.103448     0.459113
    0.172414    -0.113463
    0.241379     -0.41694
    0.310345    -0.381415
     0.37931    -0.188631
    0.448276   -0.0305131
    0.517241    0.0305808
    0.586207    0.0293693
    0.655172    0.0131806
    0.724138   0.00303621
    0.793103 -0.000142754
    0.862069 -0.000410865
    0.931034 -0.000170835
           1 -3.80938e-05